1 36.85 9.07 18.14 true 1 0
2 41.00 13.8 27.6 true 2 0
3 47.42 13.62 27.24 true 3 0
4 20.31 14.66 29.32 false 3 1
5 37.23 17.52 35.04 true 4 1
6 0.80 20.18 40.36 false 4 2
7 8.01 17.95 35.9 false 4 3
8 39.27 19.38 38.76 true 5 3
9 10.53 29.19 58.38 false 5 4
10 11.05 20.08 40.16 false 5 5
11 30.33 19.78 29.67 true 6 5
12 33.22 24.29 36.44 false 6 6
13 40.21 20.52 30.78 true 7 6
14 31.42 20.17 30.26 true 8 6
15 13.06 24.04 36.06 false 8 7
16 0.00 25.11 37.66 false 8 8
17 4.18 23.96 35.94 false 8 9
18 28.16 17.18 25.77 true 9 9
19 10.66 24.25 36.38 false 9 10
20 15.65 14.54 21.81 false 9 11
21 10.00 21.46 32.19 false 9 12
22 1.14 16.01 16.01 false 9 13
23 0.00 16.23 16.23 false 9 14
24 9.00 7.36 7.36 true 10 14
25 11.81 11.18 11.18 true 11 14
26 7.58 4.12 4.12 true 12 14
27 18.89 8.82 15.73 true 13 14
28 0.00 6.03 11.54 false 13 15
29 15.38 8.12 14.68 true 14 15
30 3.01 11.07 18.57 false 14 16
31 18.50 10.11 17.61 true 15 16
32 15.00 6.03 11.54 true 16 16
33 15.32 7.82 14.23 true 17 16
34 10.03 4.55 9.1 true 18 16
35 30.11 6.19 11.79 true 19 16
36 20.36 5.16 10.24 true 20 16
37 9.60 2.01 4.02 true 21 16
38 0.00 8.67 15.5 false 21 17