3.75 2.94 2.38
2.23 1.76 2.07 1.35 1.90 0.31 1.86 1.10 0.15 1.07
0.85 1.92 0.45 1.11 0.51 2.41 1.68 1.26 0.10 0.28 0.67 1.33 0.56 0.49
2.42 0.26 0.15 3.92 1.93 1.85 1.24 1.25 1.64
2.16 0.13 2.50 1.31 1.91 1.05 1.40 1.94 0.51 0.65 1.07 1.10 0.48 1.31
2.47 2.45 1.45 0.85 1.41 0.66 1.62 2.05 0.71 1.62 1.81 0.17 1.14 0.90 0.87
3.06 2.36 0.16 1.01 1.06 3.10 0.33 2.34 2.07 0.65 1.81
19.38
1.63 2.05 1.07 1.00 1.00 1.35 1.37 1.49 2.72 1.34 1.35 1.20 0.69 2.04 1.82 1.82 2.05 2.02 1.18
1.68 0.40 0.81 1.79 1.79 0.68 2.01 1.19 2.22 1.06 1.06 1.35 0.67 1.70 0.63 1.04
2.59 1.71 1.76 0.73 0.45 2.32 1.80 0.56 1.55 1.05 1.87 0.23 0.51 1.23 0.21 1.21
0.84 0.06 1.24 2.10 0.64 1.20 1.18 1.63 1.90 0.68 0.72 0.62 1.41 1.80 0.66 1.13 1.42 1.43 1.13 1.13 1.01 0.36
0.75 0.20 1.02 1.79 0.59 1.15 2.17 1.19 1.05 1.05 0.90 0.63 1.22 1.24 0.93 1.44 1.00 1.00 1.20
2.42 0.45 0.92 0.23 2.24 0.13 1.24 1.24 0.93 0.32 1.37 1.77 1.33 1.18 1.09 1.11 0.83 1.37
0.74 1.88 1.44 1.40 1.54 0.57 2.82 1.49 1.03 1.45 1.43 2.91 1.41 2.00 1.93
1.49 2.42 2.12 1.11 0.79 1.13 0.96 1.05 0.64 1.39 1.22 1.07 1.09 1.21 1.28 0.72 1.30 1.40 0.68 0.34 1.70
1.25 1.22 1.18 0.75 0.80 1.24 0.47 2.06 1.55 1.31 1.17 1.17 1.19 1.14 0.96 0.76 0.41 1.73 2.41 1.19
1.08 1.51 0.90 1.20 0.77 1.13 0.14 1.21 1.13 1.00 1.00 1.23 0.83 1.26 0.88 1.04 0.43 0.44
2.93 1.03 0.67 1.32 1.22 1.23 1.02 1.23 1.10 1.78 1.24 1.35 1.24 2.20 1.08 1.19 1.21 1.21
2.09 0.84 1.17 1.28 0.68 0.34 3.58 1.38 1.23 1.08 0.87
2.78 1.43 1.25 1.38 0.72 2.74 1.33 1.00 1.50 0.86 0.51 1.13 1.03 0.51 2.02 1.27
2.63 1.35 0.54 0.77 1.88 1.97 0.20 2.01 0.27 1.96 1.18 1.25
0.21 1.89 0.82 1.87 1.16 1.09 1.40 1.29 1.62 1.14 1.71 1.02 1.01
0.43 0.12 1.92 1.53 2.34 0.74 0.28
1.52 2.69 1.85 1.90 3.22
1.16 1.28 1.46 0.22
1.67 0.13 0.36 0.33 1.74 0.90 0.62 0.82 1.31 0.38 0.40 0.16
1.65 0.26 0.84 0.22 0.40 0.40 2.26